gene_ID	Manually_curation	lncORF	IRES	m6A	Mass_Spectrometry	Occupancy_of_Ribosomes
AC004158.3	0	0	0	0	0	0
AC004540.5	0	0	0	0	0	0
AC004870.4	0	0	0	0	0	0
AC005307.3	0	0	0	0	0	0
AC005355.2	0	0	0	0	0	0
AC005624.2	0	0	0	0	0	0
AC006262.4	0	0	0	0	0	0
AC006262.5	0	0	0	0	0	0
AC006273.5	0	0	0	0	0	0
AC006372.4	0	0	0	3	0	10
AC007383.3	0	0	0	4	0	0
AC007879.7	0	0	0	0	0	0
AC009236.2	0	0	0	0	0	0
AC009299.3	0	0	0	12	0	44
AC009404.2	0	0	0	0	0	0
AC009961.3	0	0	0	0	0	0
AC010894.3	0	3	0	38	0	63
AC016700.5	0	0	0	0	0	0
AC016757.3	0	0	0	0	0	0
AC021218.2	0	0	0	0	0	0
AC023137.2	0	0	0	0	0	0
AC058791.1	0	0	0	5	0	24
AC062028.1	0	14	4	4	0	81
AC068057.1	0	0	0	16	0	32
AC069277.2	0	0	0	0	0	0
AC073046.25	0	0	0	0	0	0
AC074363.1	0	0	0	0	0	0
AC092614.2	0	0	0	0	0	0
AC093901.1	0	0	0	0	0	0
AC096669.3	0	0	0	0	0	0
AC104654.1	0	0	0	0	0	0
AC104654.2	0	0	0	0	0	0
AC104820.2	0	0	0	0	0	0
AC108488.4	0	0	0	0	0	0
AC112721.2	0	1	0	2	0	3
AC156455.1	0	4	0	13	0	15
AJ006998.2	0	0	0	0	0	0
AL133493.2	0	0	0	0	0	0
AP001258.4	0	0	0	0	0	0
AP001432.14	0	0	0	0	0	0
AP006621.5	0	0	0	10	0	11
APCDD1L-AS1	0	0	0	0	0	0
APTR	0	4	3	44	0	156
ARRDC3-AS1	0	2	0	6	0	67
BISPR	0	37	0	35	0	95
C10orf91	0	8	0	11	0	13
C14orf132	0	0	0	0	0	0
C17orf100	0	0	0	0	0	0
C1orf140	0	0	0	0	0	0
C1orf229	0	7	1	7	0	10
C5orf66-AS1	0	4	0	5	1	5
C6orf99	0	8	1	5	0	30
CASC19	0	181	0	264	0	667
CASC9	0	2	0	41	1	47
CDC37L1-AS1	0	0	0	0	0	0
CECR7	0	0	0	0	0	0
CH17-340M24.3	0	0	0	0	0	0
CMB9-22P13.1	0	0	0	0	0	0
CRNDE	10	27	0	63	0	314
CTA-392C11.1	0	0	0	0	0	0
CTB-31O20.2	0	0	0	0	0	0
CTC-241N9.1	0	0	0	0	0	0
CTC-338M12.9	0	0	0	0	0	0
CTC-378H22.1	0	0	0	0	0	0
CTC-436P18.3	0	0	0	0	0	0
CTC-459F4.3	0	0	0	0	0	0
CTC-499B15.5	0	0	0	0	0	0
CTC-543D15.8	0	0	0	0	0	0
CTC-548K16.1	0	0	0	0	0	0
CTC-559E9.1	0	0	0	0	0	0
CTD-2003C8.2	0	0	0	0	0	0
CTD-2017D11.1	0	0	0	0	0	0
CTD-2023N9.3	0	0	0	0	0	0
CTD-2034I21.2	0	0	0	0	0	0
CTD-2066L21.3	0	0	0	0	0	0
CTD-2078B5.2	0	0	0	0	0	0
CTD-2139B15.5	0	0	0	0	0	0
CTD-2162K18.4	0	0	0	0	0	0
CTD-2231H16.1	0	0	0	0	0	0
CTD-2270P14.5	0	0	0	0	0	0
CTD-2291D10.4	0	0	0	0	0	0
CTD-2339F6.1	0	0	0	0	0	0
CTD-2357A8.3	0	0	0	0	0	0
CTD-2538C1.2	0	0	0	0	0	0
CTD-2553L13.10	0	0	0	0	0	0
CTD-2554C21.2	0	0	0	0	0	0
CTD-2555C10.3	0	0	0	0	0	0
CTD-2639E6.9	0	0	0	0	0	0
CTD-2666L21.1	0	0	0	0	0	0
CTD-3131K8.2	0	0	0	0	0	0
DANCR	0	3	0	10	0	17
DIO3OS	0	18	0	25	0	66
DKFZp434J0226	0	0	0	0	0	0
DNAJC3-AS1	0	0	0	0	0	0
DUBR	0	4	0	173	0	313
ELFN1-AS1	0	1	0	1	0	1
FENDRR	0	24	0	212	0	292
FGF14-AS2	1	2	0	4	0	5
FIRRE	0	9	1	55	1	307
FLJ22447	0	0	0	0	0	0
FLVCR1-AS1	0	0	0	0	0	0
FTX	0	32	27	620	0	0
GAS5	0	43	0	86	0	171
GMDS-AS1	0	0	0	0	0	0
GS1-124K5.4	0	0	0	0	0	0
GS1-259H13.2	0	0	0	0	0	0
HAGLROS	0	1	0	4	0	4
HIF1A-AS2	0	0	0	0	0	0
HRAT17	0	0	0	0	0	0
IQCH-AS1	0	1	1	84	1	180
KANTR	0	0	0	0	0	0
KB-1732A1.1	0	0	0	0	0	0
KB-1980E6.3	0	0	0	0	0	0
LA16c-325D7.2	0	0	0	0	0	0
LINC00092	0	0	1	0	0	85
LINC00152	0	0	0	0	0	0
LINC00158	0	7	0	27	0	157
LINC00161	0	0	0	0	0	16
LINC00162	0	0	0	0	0	0
LINC00176	0	0	0	0	0	0
LINC00239	0	3	0	3	0	3
LINC00265	0	10	2	31	0	112
LINC00322	0	1	0	3	0	4
LINC00346	0	7	2	46	0	54
LINC00355	0	5	2	28	0	41
LINC00452	0	7	0	6	0	26
LINC00461	0	30	0	211	0	611
LINC00467	0	8	2	150	0	189
LINC00471	0	2	0	10	0	18
LINC00472	0	2	0	53	1	228
LINC00473	0	0	0	0	0	0
LINC00507	0	1	3	0	0	395
LINC00511	0	12	0	502	0	832
LINC00592	0	0	0	30	0	74
LINC00619	0	0	0	0	0	0
LINC00630	0	8	0	4	3	153
LINC00632	0	14	3	183	6	612
LINC00643	0	0	0	0	0	0
LINC00645	0	0	0	0	0	109
LINC00657	0	0	0	0	0	0
LINC00662	0	9	3	534	1	960
LINC00667	33	11	0	604	0	874
LINC00672	0	0	0	0	0	0
LINC00702	16	1	0	153	0	0
LINC00704	0	0	0	0	0	0
LINC00706	0	2	0	2	0	8
LINC00707	0	4	1	29	0	99
LINC00839	0	10	0	63	0	123
LINC00844	0	2	1	0	0	127
LINC00847	0	11	0	208	1	239
LINC00857	0	8	0	45	0	66
LINC00877	0	7	0	76	0	289
LINC00909	0	8	0	82	0	127
LINC00926	0	6	0	24	4	35
LINC00941	0	0	0	4	0	4
LINC00958	0	7	0	104	0	140
LINC00960	0	0	0	24	2	71
LINC00963	0	28	44	560	2	606
LINC00973	0	2	0	2	0	4
LINC01003	0	5	0	7	0	9
LINC01006	0	9	0	76	0	298
LINC01007	0	6	0	0	0	28
LINC01011	0	6	0	18	0	33
LINC01012	0	0	0	0	0	0
LINC01021	0	0	0	0	0	0
LINC01089	0	13	0	55	0	63
LINC01102	0	10	0	6	0	0
LINC01105	0	0	0	0	0	0
LINC01114	0	10	0	4	0	33
LINC01116	0	3	0	25	0	30
LINC01119	0	17	0	29	0	48
LINC01122	0	2	1	14	0	0
LINC01128	0	24	0	136	7	0
LINC01133	0	6	0	15	0	35
LINC01138	0	7	0	74	0	125
LINC01186	0	1	0	3	0	17
LINC01203	0	0	0	0	0	0
LINC01224	0	3	0	28	0	59
LINC01234	0	2	2	120	0	184
LINC01270	0	2	0	162	0	184
LINC01271	0	3	0	12	0	13
LINC01272	0	0	0	0	0	0
LINC01273	0	2	0	9	0	50
LINC01307	0	4	0	6	0	9
LINC01315	0	2	0	17	0	23
LINC01348	0	2	0	8	0	19
LINC01358	0	0	0	32	0	0
LINC01411	0	5	3	10	0	47
LINC01465	0	4	0	10	0	10
LINC01468	0	0	0	0	0	0
LINC01484	0	4	5	43	0	145
LINC01503	0	6	1	0	0	71
LINC01508	0	6	0	21	0	40
LINC01515	0	12	4	79	3	404
LINC01518	0	1	0	7	0	19
LINC01521	0	4	0	10	0	10
LINC01534	0	0	0	9	0	30
LINC01535	0	5	2	0	0	88
LINC01537	0	3	0	4	0	11
LINC01547	0	3	1	116	0	116
LINC01551	0	9	4	30	0	109
LINC01560	0	4	0	6	0	8
LINC01569	0	4	1	40	0	64
LINC01572	0	6	0	92	0	196
LINC01578	0	9	0	27	0	53
LINC01583	0	2	0	3	0	21
LINC01588	0	31	0	64	0	188
LINC01600	0	1	0	4	0	64
LINC01605	0	4	0	13	0	17
LINC01615	0	5	0	6	0	25
LL22NC03-13G6.2	0	0	0	0	0	0
LL22NC03-N95F10.1	0	0	0	0	0	0
LUCAT1	0	10	1	270	0	546
MIAT	0	37	0	182	0	406
MIATNB	0	30	1	84	0	108
MIR100HG	0	49	1	358	26	1174
MIR137HG	0	7	0	35	0	90
MIR155HG	0	6	0	2	0	23
MIR181A1HG	0	0	0	21	0	73
MIR193BHG	0	0	4	46	0	75
MIR3142HG	0	12	0	16	0	29
MIR325HG	0	0	0	0	0	0
MIR3681HG	0	6	0	2	0	97
MIR4435-2HG	0	47	0	618	1	822
MIR4458HG	0	13	0	27	0	163
MIR646HG	0	2	3	135	0	516
MIR7-3HG	0	6	0	35	0	169
MIR9-3HG	0	3	0	335	0	968
MIR99AHG	30	21	6	41	3	1142
MIRLET7BHG	0	11	0	24	0	38
MLLT4-AS1	0	0	0	0	0	0
MNX1-AS1	0	5	0	5	0	5
NUP50-AS1	0	0	0	0	0	0
OGFRP1	0	0	0	64	0	84
OLMALINC	0	22	0	324	3	386
OSER1-AS1	0	0	0	0	0	0
PART1	0	10	0	6	0	142
PAXIP1-AS1	0	0	0	4	0	7
PRKCQ-AS1	0	16	0	63	0	116
PSMG3-AS1	0	22	0	53	0	65
PVT1	0	35	1	1133	1	1480
RAB30-AS1	0	0	0	0	0	0
RAMP2-AS1	0	11	4	27	0	0
RMST	0	10	0	55	0	314
RP11-108M9.4	0	0	0	0	0	0
RP11-1094M14.11	0	0	0	0	0	0
RP11-109M17.2	0	0	0	0	0	0
RP11-10A14.4	0	0	0	0	0	0
RP11-110I1.12	0	0	0	0	0	0
RP11-111M22.3	0	0	0	0	0	0
RP11-115J23.1	0	0	0	0	0	0
RP11-120D5.1	0	0	0	0	0	0
RP11-121P12.1	0	0	0	0	0	0
RP11-128M1.1	0	0	0	0	0	0
RP11-128P17.2	0	0	0	0	0	0
RP11-129M6.1	0	0	0	0	0	0
RP11-12G12.7	0	0	0	0	0	0
RP11-13K12.1	0	0	0	0	0	0
RP11-147L13.15	0	0	0	0	0	0
RP11-158H5.7	0	0	0	0	0	0
RP11-159G9.5	0	0	0	0	0	0
RP11-15A1.3	0	0	0	0	0	0
RP11-15H20.6	0	0	0	0	0	0
RP11-160O5.1	0	0	0	0	0	0
RP11-161M6.2	0	0	0	0	0	0
RP11-166P13.3	0	0	0	0	0	0
RP11-181C3.1	0	0	0	0	0	0
RP11-209K10.2	0	0	0	0	0	0
RP11-212P7.2	0	0	0	0	0	0
RP11-218E20.3	0	0	0	0	0	0
RP11-221J22.1	0	0	0	0	0	0
RP11-221J22.2	0	0	0	0	0	0
RP11-221N13.3	0	0	0	0	0	0
RP11-242D8.1	0	0	0	0	0	0
RP11-244M2.1	0	0	0	0	0	0
RP11-259K15.2	0	0	0	0	0	0
RP11-260M19.1	0	0	0	0	0	0
RP11-266L9.5	0	0	0	0	0	0
RP11-267M23.4	0	0	0	0	0	0
RP11-271F18.4	0	0	0	0	0	0
RP11-276H19.1	0	0	0	0	0	0
RP11-276H19.2	0	0	0	0	0	0
RP11-286B14.1	0	0	0	0	0	0
RP11-290F5.2	0	0	0	0	0	0
RP11-297P16.4	0	0	0	0	0	0
RP11-307P5.1	0	0	0	0	0	0
RP11-30J20.1	0	0	0	0	0	0
RP11-316I3.2	0	0	0	0	0	0
RP11-320M2.1	0	0	0	0	0	0
RP11-326I11.3	0	0	0	0	0	0
RP11-326I11.4	0	0	0	0	0	0
RP11-332H14.2	0	0	0	0	0	0
RP11-347C12.10	0	0	0	0	0	0
RP11-347E10.1	0	0	0	0	0	0
RP11-348J24.2	0	0	0	0	0	0
RP11-350N15.5	0	0	0	0	0	0
RP11-351D16.3	0	0	0	0	0	0
RP11-356J5.12	0	0	0	0	0	0
RP11-357H14.17	0	0	0	0	0	0
RP11-357K6.1	0	0	0	0	0	0
RP11-37B2.1	0	0	0	0	0	0
RP11-384F7.2	0	0	0	0	0	0
RP11-38M8.1	0	0	0	0	0	0
RP11-395G23.3	0	0	0	0	0	0
RP11-396C23.2	0	0	0	0	0	0
RP11-399H11.2	0	0	0	0	0	0
RP11-400K9.4	0	0	0	0	0	0
RP11-403A21.1	0	0	0	0	0	0
RP11-410L14.2	0	0	0	0	0	0
RP11-412H8.2	0	0	0	0	0	0
RP11-420A23.1	0	0	0	0	0	0
RP11-422P24.11	0	0	0	0	0	0
RP11-435O5.2	0	0	0	0	0	0
RP11-440D17.3	0	0	0	0	0	0
RP11-443B7.1	0	0	0	0	0	0
RP11-446N19.1	0	0	0	0	0	0
RP11-448A19.1	0	0	0	0	0	0
RP11-452F19.3	0	0	0	0	0	0
RP11-455P21.3	0	0	0	0	0	0
RP11-458D21.1	0	0	0	0	0	0
RP11-466I1.1	0	0	0	0	0	0
RP11-470M17.2	0	0	0	0	0	0
RP11-47I22.2	0	0	0	0	0	0
RP11-484N16.1	0	0	0	0	0	0
RP11-488L18.8	0	0	0	0	0	0
RP11-498P14.5	0	0	0	0	0	0
RP11-525A16.4	0	0	0	0	0	0
RP11-527D7.1	0	0	0	0	0	0
RP11-527L4.2	0	0	0	0	0	0
RP11-539G18.3	0	0	0	0	0	0
RP11-539L10.3	0	0	0	0	0	0
RP11-53M11.3	0	0	0	0	0	0
RP1-153P14.8	0	0	0	0	0	0
RP11-540A21.2	0	0	0	0	0	0
RP11-54A9.1	0	0	0	0	0	0
RP11-54C4.3	0	0	0	0	0	0
RP11-54H7.4	0	0	0	0	0	0
RP11-553A10.1	0	0	0	0	0	0
RP11-554I8.2	0	0	0	0	0	0
RP11-563K23.1	0	0	0	0	0	0
RP11-563N4.1	0	0	0	0	0	0
RP11-576D8.4	0	0	0	0	0	0
RP11-57A19.2	0	0	0	0	0	0
RP11-57C13.6	0	0	0	0	0	0
RP11-586D19.1	0	0	0	0	0	0
RP11-587P21.2	0	0	0	0	0	0
RP11-608O21.1	0	0	0	0	0	0
RP11-61K9.3	0	0	0	0	0	0
RP11-620J15.3	0	0	0	0	0	0
RP11-624L4.1	0	0	0	0	0	0
RP11-627G23.1	0	0	0	0	0	0
RP11-657O9.1	0	0	0	0	0	0
RP11-66B24.2	0	0	0	0	0	0
RP11-689K5.3	0	0	0	0	0	0
RP11-693J15.5	0	0	0	0	0	0
RP11-6J21.2	0	0	0	0	0	0
RP11-713P17.3	0	0	0	0	0	0
RP11-727A23.5	0	0	0	0	0	0
RP11-734I18.1	0	0	0	0	0	0
RP11-756G20.1	0	0	0	0	0	0
RP11-758H9.2	0	0	0	0	0	0
RP11-77K12.9	0	0	0	0	0	0
RP11-783K16.13	0	0	0	0	0	0
RP11-806H10.4	0	0	0	0	0	0
RP11-834C11.4	0	0	0	0	0	0
RP11-835E18.5	0	0	0	0	0	0
RP11-838N2.3	0	0	0	0	0	0
RP11-838N2.5	0	0	0	0	0	0
RP11-85G18.6	0	0	0	0	0	0
RP11-867G23.10	0	0	0	0	0	0
RP11-879F14.2	0	0	0	0	0	0
RP11-886D15.1	0	0	0	0	0	0
RP11-89K21.1	0	0	0	0	0	0
RP11-982M15.6	0	0	0	0	0	0
RP11-998D10.4	0	0	0	0	0	0
RP1-269M15.3	0	0	0	0	0	0
RP13-349O20.2	0	0	0	0	0	0
RP1-46F2.3	0	0	0	0	0	0
RP3-390M24.1	0	0	0	0	0	0
RP3-460G2.2	0	0	0	0	0	0
RP3-486I3.7	0	0	0	0	0	0
RP3-522D1.1	0	0	0	0	0	0
RP4-555D20.4	0	0	0	0	0	0
RP4-621F18.2	0	0	0	0	0	0
RP4-633O19__A.1	0	0	0	0	0	0
RP4-665J23.1	0	0	0	0	0	0
RP4-717I23.3	0	0	0	0	0	0
RP5-1021I20.2	0	0	0	0	0	0
RP5-1028K7.2	0	0	0	0	0	0
RP5-1061H20.4	0	0	0	0	0	0
RP5-1172A22.1	0	0	0	0	0	0
RP5-1198O20.4	0	0	0	0	0	0
RP5-832C2.5	0	0	0	0	0	0
RP6-65G23.3	0	0	0	0	0	0
SCAMP1-AS1	3	6	1	28	0	54
SERPINB9P1	0	10	0	100	0	107
SFTA1P	0	7	0	41	0	54
SNHG18	0	5	0	6	0	15
SOX21-AS1	0	0	0	3	0	22
SOX9-AS1	0	6	0	53	0	392
SPACA6P	0	0	0	0	0	0
SPATA13	0	0	0	0	0	0
SPATA3-AS1	0	3	0	10	1	77
SRP14-AS1	3	3	0	20	0	52
SSTR5-AS1	0	6	0	13	0	22
SUCLG2-AS1	0	4	0	103	9	176
TINCR	0	0	0	0	0	0
TP53TG1	0	9	0	51	0	84
TRAM2-AS1	0	18	0	181	0	290
TRIM52-AS1	0	7	0	16	0	20
TTLL11-IT1	0	0	0	4	0	5
TTTY15	0	0	0	0	0	0
TUNAR	0	0	0	0	0	0
UCA1	0	174	0	381	0	399
URB1-AS1	1	4	0	4	0	4
USP27X-AS1	0	6	0	15	0	18
WFDC21P	0	0	0	0	0	0
WI2-87327B8.2	0	0	0	0	0	0
XIST	0	69	0	690	19	893
XXyac-YM21GA2.4	0	0	0	0	0	0
ZNF582-AS1	0	18	0	0	0	36
ZNF667-AS1	25	27	1	92	0	219
ZNF674-AS1	0	7	0	2	0	36
ZNF883	0	0	0	0	0	0
ZNF888	0	0	0	0	0	0
